initial_pose_x: 1.6276
initial_pose_y: 1.99198
initial_pose_a: -1.94937
